SYMBOL;O;H;L;V;C
AEFES.IS;22.10000038;22.12000084;21.47999954;31654985;21.55999947
AGHOL.IS;34.95999908;35;34;2572765;34.04000092
AKBNK.IS;66.65000153;67.09999847;66.15000153;93899265;66.59999847
AKSA.IS;11.97999954;12.14999962;11.93999958;11863749;12.02999973
AKSEN.IS;116;116.19999695;105.09999847;13494526;107
ALARK.IS;107.40000153;108.90000153;106.09999847;2129020;106.5
ALTNY.IS;17.31999969;17.37999916;16.79999924;20880396;16.92000008
ANSGR.IS;27.55999947;27.55999947;26.87999916;2397956;26.97999954
ARCLK.IS;99;101.69999695;98.80000305;1955637;99.05000305
ASELS.IS;371.5;381;370;34002405;374.25
ASTOR.IS;300;309;298.5;21988761;307
BALSU.IS;17.04000092;17.20999908;16.77000046;40312435;17.06999969
BIMAS.IS;399;401.75;391;6786695;392.5
BRSAN.IS;568;570.5;556;787250;558.5
BRYAT.IS;1814;1829;1806;22411;1815
BSOKE.IS;35.27999878;36.43999863;34.41999817;2786755;35.29999924
BTCIM.IS;5.32000017;5.32999992;5.05999994;91847361;5.23999977
CANTE.IS;1.29999995;1.32000005;1.28999996;299376430;1.29999995
CCOLA.IS;92.40000153;92.80000305;90.40000153;4675339;90.84999847
CIMSA.IS;50.45000076;51;50;5071531;50.5
CVKMD.IS;38.41999817;39.47999954;38.22000122;13620261;38.68000031
CWENE.IS;40.45999908;40.79999924;39.52000046;25966987;39.74000168
DAPGM.IS;9.98999977;10.43000031;9.85000038;120726537;9.92000008
DOAS.IS;188.30000305;193.8999939;186.8999939;1243729;187.30000305
DOHOL.IS;21.34000015;21.44000053;20.79999924;3235323;20.86000061
DSTKF.IS;2105;2108;1931;1023560;1979
ECILC.IS;73.15000153;74.55000305;72.94999695;1683518;73.05000305
EFOR.IS;17.51000023;17.97999954;17.28000069;58830920;17.61000061
EKGYO.IS;19.64999962;19.71999931;19.21999931;226352309;19.29000092
ENERY.IS;9.44999981;9.65999985;9.44999981;38404818;9.53999996
ENJSA.IS;109.90000153;111.80000305;108.69999695;3083435;108.90000153
ENKAI.IS;91.05000305;91.44999695;89.25;9406752;90
EREGL.IS;42.24000168;45.09999847;42.11999893;151995195;44.22000122
EUPWR.IS;100.69999695;101.90000153;97.44999695;14159955;98.44999695
EUREN.IS;4.17000008;4.21000004;4.13000011;24853220;4.1500001
FENER.IS;3.08999991;3.11999989;3.06999993;37211430;3.08999991
FROTO.IS;81.44999695;81.84999847;79.44999695;22246269;79.59999847
GARAN.IS;125.90000153;126.80000305;124.30000305;22245606;124.80000305
GENIL.IS;9.27000046;9.86999989;9.13000011;93796700;9.43000031
GESAN.IS;83.80000305;86.59999847;82.75;8077673;83.75
GLRMK.IS;165;171;164.30000305;5169197;164.5
GRSEL.IS;320;324.25;318.25;208548;319.5
GRTHO.IS;246;249.8999939;242.6000061;863093;245.80000305
GSRAY.IS;1.00999999;1.01999998;1;141048570;1.01999998
GUBRF.IS;430.25;436.5;427;1670653;427.5
HALKB.IS;37.31999969;37.86000061;36.56000137;37417283;36.63999939
HEKTS.IS;3.05999994;3.16000009;3.05999994;358318783;3.11999989
ISCTR.IS;13.06000042;13.11999989;12.89999962;557176756;12.97000027
ISMEN.IS;36.54000092;36.63999939;35.81999969;4786490;35.91999817
IZENR.IS;9.89999962;10.39999962;9.69999981;64600291;10.10000038
KCHOL.IS;204.69999695;205.6000061;199.1000061;12909606;200.1000061
KLRHO.IS;85;88.69999695;83.84999847;2788853;84.90000153
KONTR.IS;4.65999985;4.84000015;4.65999985;2565758;4.84000015
KRDMD.IS;41.95999908;43.88000107;41.70000076;99301468;42.25999832
KTLEV.IS;178;179.69999695;172.5;13522585;172.69999695
KUYAS.IS;68.80000305;73.19999695;67.90000153;35859856;73.19999695
MAGEN.IS;41;41.86000061;39.58000183;12886753;40.63999939
MAVI.IS;41.41999817;41.58000183;40.31999969;3927037;40.38000107
MGROS.IS;639;642.5;634;1105757;635.5
MIATK.IS;33.43999863;34.45999908;32.93999863;18305099;33.15999985
MPARK.IS;409.25;413;406;451455;409
OBAMS.IS;5.44999981;5.48999977;5.34000015;28538695;5.38000011
ODAS.IS;8.89999962;9.22000027;8.80000019;82827602;9.07999992
OTKAR.IS;321.75;347.75;321.5;1404574;335
OYAKC.IS;21.29999924;21.34000015;20.86000061;13568351;20.92000008
PAHOL.IS;1.44000006;1.47000003;1.42999995;252346379;1.47000003
PASEU.IS;114.80000305;114.80000305;109.30000305;5288437;110.59999847
PATEK.IS;20.86000061;21.12000084;20.73999977;6904630;20.86000061
PETKM.IS;22.45999908;23.20000076;22.37999916;72281111;22.81999969
PGSUS.IS;162.8999939;163.30000305;161.1000061;7514240;161.3999939
PSGYO.IS;3.6099999;3.94000006;3.6099999;341522153;3.92000008
QUAGR.IS;4.03000021;4.17000008;3.91000009;102757647;3.92000008
RALYH.IS;262.75;266.5;254;1993372;256.75
REEDR.IS;6.76999998;6.8499999;6.69999981;5660334;6.73000002
SAHOL.IS;89.09999847;89.09999847;87.55000305;24555957;87.80000305
SARKY.IS;26.36000061;26.73999977;26;5181542;26.13999939
SASA.IS;2.6400001;2.72000003;2.63000011;4011227130;2.67000008
SISE.IS;43.61999893;44.40000153;43.38000107;37614695;43.91999817
SKBNK.IS;13.06000042;13.06000042;13.06000042;3209440;13.06000042
SOKM.IS;55.59999847;56.04999924;55;5285195;55.20000076
TABGD.IS;238;239;234.30000305;451096;235.30000305
TAVHL.IS;273.25;274.75;263.5;1694523;264.5
TCELL.IS;110.40000153;110.59999847;103.90000153;32548218;104.40000153
THYAO.IS;318.25;319.5;310.25;50534374;313.25
TKFEN.IS;146.5;147.30000305;142.19999695;3640284;145.8999939
TOASO.IS;297;299.25;287.25;2716838;288.25
TRALT.IS;50.09999847;54.54999924;50.04999924;283879859;50.84999847
TRENJ.IS;96.84999847;104.09999847;96.84999847;3367654;104.09999847
TRMET.IS;125.80000305;133.8999939;125.80000305;3895371;133.8999939
TSKB.IS;11.26000023;11.34000015;11.22999954;9064747;11.27000046
TTKOM.IS;58.70000076;58.79999924;55.15000153;38578062;55.54999924
TUKAS.IS;2.13000011;2.16000009;2.11999989;43529082;2.13000011
TUPRS.IS;314;320.25;309.75;21470871;317.5
TUREX.IS;7.09000015;7.21999979;6.98999977;12245913;7.05999994
TURSG.IS;6.82000017;6.88999987;6.69000006;43809608;6.71000004
ULKER.IS;95.80000305;96.19999695;94.15000153;4519162;94.69999695
VAKBN.IS;30.60000038;30.79999924;30.23999977;24081107;30.34000015
VESTL.IS;24.57999992;24.79999924;24.23999977;3179895;24.39999962
YKBNK.IS;33.20000076;33.45999908;32.86000061;223053449;33.02000046
ZOREN.IS;2.57999992;2.58999991;2.54999995;39841245;2.55999994
XU030.IS;16104.61035156;16208.25976562;15956.37988281;0;16000.41992188
XBANK.IS;15733.04003906;15788.75976562;15562.41992188;0;15632.76953125
XUSIN.IS;19292.73046875;19604.140625;19292.73046875;0;19496.91015625
USDTRY=X;47.19031906;47.2419014;47.14009857;0;47.22990036
AAPL;321.73001099;323.29998779;319.3500061;4744786;319.75500488
AMD;544.73999023;558.15991211;542.01000977;3238284;550.97998047
AMZN;236.32000732;238.34989929;235.66999817;6493323;236.47000122
AVGO;392.19000244;397.6000061;390.26849365;1743042;393.83999634
BA;206;211.25;205.05999756;570794;210.30499268
BAC;61.34999847;61.5;60.90999985;2399786;60.93500137
C;130.5;132.25;130.02000427;898217;131.11500549
CRM;165.05000305;165.88000488;159.19999695;1396966;161.07000732
CSCO;112.06500244;113.48000336;111.83000183;1676342;112.84500122
CVS;107.26999664;107.54989624;106.5;496978;106.72499847
CVX;196.30000305;197;195.99000549;934551;196.32000732
DIS;94.80999756;94.81999969;93.59999847;1520389;93.68199921
F;14.21000004;14.27999973;14.06000042;2754902;14.14620018
GM;81.36000061;81.7440033;79.68000031;383482;79.79000092
GOOGL;321.13000488;324.48999023;318.23999023;16432533;320.42999268
HAL;33.5;33.65000153;33.15499878;1107179;33.58000183
INTC;100.99500275;103.75;100.12000275;13743799;102.36000061
JPM;346.57998657;349.23001099;345.90380859;554134;346.26000977
KMI;33;33.25999832;32.02000046;3072157;32.27000046
KO;81.66999817;81.8690033;80.97000122;1556216;81.16500092
META;608.40997314;614.63500977;605.34997559;2011890;611.50500488
MSFT;389.96499634;391.77999878;387.1499939;3834236;388.92498779
MU;975.22998047;1001.42498779;964.40002441;7790048;982.51501465
NFLX;68.56999969;69.13999939;67.66999817;5040381;68.91989899
NVDA;209.39500427;210.86869812;208.44999695;13928405;209.50999451
OXY;58.63999939;58.99000168;58.29999924;1035917;58.45000076
PFE;24.88999939;25.02000046;24.75;3592231;24.92000008
PLTR;125.93499756;126.38999939;121.63999939;4806416;124.17500305
QCOM;171.17999268;173.94949341;171.08000183;685336;172.21000671
SLB;48.04999924;48.49000168;48;1156105;48.43999863
SMCI;30.35499954;31.53000069;30.18000031;12086849;31.23500061
T;23.25;23.46500015;22.64999962;8285886;22.79500008
TSLA;341;341.85998535;327.72000122;22893199;329.21939087
UBER;70.16999817;71.08000183;69.75;1785883;70.29219818
UNH;428.26501465;430.48498535;426.17999268;392602;426.85501099
V;352.04501343;352.04501343;348.67999268;525529;349.95001221
VZ;44.15999985;44.38000107;43.95000076;2525435;44.34000015
WBD;25.78000069;25.88500023;25.78000069;520564;25.82970047
WFC;85.77999878;85.94000244;85.19000244;741305;85.27999878
WMT;107.25;108.23000336;107.11000061;2839926;107.41500092
XOM;156.6000061;157.63090515;156.05999756;1733289;156.72000122
AI.PA;176.3999939;176.3999939;174.38000488;213765;174.86000061
ASML.AS;1590.80004883;1598.19995117;1554.40002441;236870;1584
BARC.L;526.09997559;526.29998779;511.20001221;19346968;515.09997559
BAS.DE;49.14500046;49.95500183;48.75500107;702090;48.98500061
BBVA.MC;22.92000008;22.96999931;22.34000015;2939132;22.42000008
BNP.PA;105.48000336;106.37999725;103.54000092;819219;104.13999939
BP.L;545.90002441;556.59997559;542.29998779;16077260;554.40002441
DBK.DE;31.14999962;31.14999962;29.73999977;2547615;30.09499931
DTE.DE;27.22999954;27.36000061;26.12999916;3780798;26.26000023
HSBA.L;1543.40002441;1545.80004883;1520.19995117;28806552;1529.19995117
INGA.AS;29.26499939;29.27000046;28.56500053;2237186;28.67499924
LLOY.L;114.80000305;114.80000305;112.34999847;88076708;113
MBG.DE;44.64500046;45.04999924;44.39500046;528193;44.47000122
SAN.MC;12.08199978;12.1960001;11.67399979;13442092;11.75
SAN.PA;76.83000183;76.83000183;75.33999634;604600;75.73999786
SAP.DE;131;132.41999817;129.25999451;1124978;129.36000061
SHEL.L;3318;3359.5;3303;2475780;3338.5
SU.PA;268.1499939;268.5;262.70001221;217630;264.6499939
TTE.PA;74.91999817;76.68000031;74.52999878;1848176;76.23000336
VOW3.DE;72.5;73.51999664;72.23999786;276071;72.44000244
0700.HK;440.20001221;450.79998779;439;22595715;445.20001221
1120.SR;64.5;64.5;63.90000153;4272256;64.05000305
1180.SR;39.70000076;39.79999924;39.29999924;4034614;39.47999954
1810.HK;26.37999916;27.20000076;26.04000092;87140868;27.13999939
2010.SR;53.29999924;53.29999924;52.70000076;898168;52.90000153
2222.SR;26.60000038;26.79999924;26.55999947;11128131;26.76000023
3690.HK;83.80000305;88.80000305;82.59999847;63252932;87.30000305
6758.T;3444;3444;3413;5676600;3438
7010.SR;43.20000076;43.38000107;43.18000031;1077021;43.29999924
7203.T;2926;2945.5;2913.5;14421600;2929.5
8306.T;3668;3778;3660;51280300;3750
9432.T;150.8999939;151.19999695;149.30000305;128703300;149.5
9618.HK;118;119.90000153;117.30000305;3374418;119.59999847
9984.T;5826;5928;5687;33454100;5894
9988.HK;114.09999847;115.09999847;110.5;52344063;114.90000153
